0 0
50 0.00182136
75 0.0117767
100 0.0415189
125 0.0768219
150 0.109609
175 0.143696
200 0.176554
225 0.214654
250 0.239438
275 0.269927
300 0.288703
325 0.311737
350 0.340877
375 0.358737
400 0.37452
425 0.392066
450 0.407527
475 0.421298
500 0.436161
525 0.4488
550 0.461458
575 0.479918
600 0.505503
625 0.516397
650 0.529251
675 0.540845
700 0.551913
725 0.563827
750 0.575997
775 0.585248
800 0.594675
825 0.606227
850 0.616878
875 0.628189
900 0.642206
925 0.650145
950 0.661776
975 0.673587
1000 0.682908
1025 0.691125
1050 0.700494
1075 0.712318
1100 0.723801
1125 0.732534
1150 0.742998
1175 0.751431
1200 0.759139
1225 0.768631
1250 0.777411
1275 0.785145
1300 0.790089
1325 0.797737
1350 0.803991
1375 0.810008
1400 0.8158
1425 0.818878
1450 0.833885
1475 0.837678
1500 0.840555
1525 0.84508
1550 0.848344
1575 0.853295
1600 0.857308
1625 0.860686
1650 0.863416
1675 0.865485
1700 0.868617
1725 0.872836
1750 0.880643
1775 0.88172
1800 0.886424
1825 0.889717
1850 0.893786
1875 0.896392
1900 0.898648
1925 0.900922
1950 0.905906
1975 0.907838
2000 0.910185
2025 0.913339
2050 0.917312
2075 0.920922
2100 0.925372
2125 0.927414
2150 0.929061
2175 0.932386
2200 0.936572
2225 0.939108
2250 0.94167
2275 0.942528
2300 0.944263
2325 0.948199
2350 0.950403
2375 0.952627
2400 0.953972
2425 0.955777
2450 0.955777
2475 0.956236
2500 0.95808
2525 0.959943
2550 0.960411
2575 0.961355
2600 0.969906
2625 0.969906
2650 0.970389
2675 0.970389
2700 0.970389
2725 0.970389
2750 0.970887
2775 0.971387
2800 0.971892
2825 0.972908
2850 0.97393
2875 0.97393
2900 0.97393
2925 0.97393
2950 0.97393
2975 0.97446
3000 0.97446
3025 0.97553
3050 0.97553
3075 0.976617
3100 0.976617
3125 0.97827
3150 0.979376
3175 0.980489
3200 0.980489
3225 0.981618
3250 0.982752
3275 0.983895
3300 0.983895
3325 0.985052
3350 0.985052
3375 0.986226
3400 0.987406
3425 0.987999
3450 0.988596
3475 0.989196
3500 0.9898
3525 0.9898
3550 0.99102
3575 0.99102
3600 0.992258
3625 0.99288
3650 0.993505
3675 0.993505
3700 0.993505
3725 0.995417
3750 0.995417
3775 0.995417
3800 0.996063
3825 0.996714
3850 0.997367
3875 0.998679
3900 1
